92
40
17
69
21
18
45
58
10
60
75
74
23
85
70
35
12
52
91
84
65
88
75
10
86
50
26
50
80
47
13
42
87
28
72
4
36
98
41
27
67
59
17
36
26
39
72
72
98
59
53
81
14
6
32
82
65
58
43
45
54
18
76
96
0
14
97
25
8
7
99
15
98
6
53
93
88
3
57
22
19
67
9
57
3
63
36
36
62
36
76
17
21
81
11
30
18
56
10
26
67
22
82
96
89
12
35
52
57
34
48
48
39
92
64
33
13
32
11
60
15
0
80
80
21
9
75
90
30
49
72
29
60
30
54
15
65
27
75
33
37
96
21
27
23
29
82
0
18
88
33
25
44
70
92
44
78
29
59
9
71
36
83
80
31
95
60
63
61
65
37
52
28
84
13
22
79
68
43
97
88
4
55
12
14
54
56
7
60
50
63
6
34
55
62
81
8
94
55
94
62
36
8
89
14
10
27
47
98
87
86
74
1
23
28
88
21
20
52
3
51
95
80
54
34
24
63
19
63
18
31
69
15
14
49
16
79
94
95
19
52
12
88
22
71
81
5
14
56
72
60
7
75
88
16
37
44
53
4
70
72
91
33
43
6
64
24
98
96
77
97
49
71
73
65
34
45
23
72
6
76
61
67
15
93
70
46
54
20
12
18
11
60
18
39
50
95
34
37
26
71
31
78
59
32
67
9
0
30
48
75
88
64
69
50
48
31
76
55
42
25
30
20
64
81
11
15
19
99
32
11
0
37
43
17
54
5
6
12
74
24
69
21
71
57
66
57
56
46
58
92
21
71
27
48
27
48
96
85
17
89
62
43
4
87
37
14
10
74
34
53
58
62
85
67
16
70
81
67
1
83
65
38
6
63
95
8
99
93
4
87
66
22
23
25
46
43
94
58
70
70
35
49
46
63
64
3
38
32
71
54
66
36
41
89
70
61
58
21
52
20
32
87
59
74
5
85
62
54
85
16
58
14
97
0
97
45
71
51
98
78
94
60
3
34
56
55
89
48
23
39
18
46
34
28
83
44
67
27
49
93
58
12
44
38
67
46
92
51
25
15
56
29
99
90
68
22
17
30
10
20
84
37
53
77
6
87
51
29
12
66
18
90
58
78
38
12
27
30
9
29
43
1
87
8
66
16
89
98
29
69
50
22
27
73
58
42
70
63
79
68
82
63
16
31
64
35
73
79
96
69
82
14
56
47
37
72
59
33
10
72
50
36
1
10
30
49
11
86
81
36
78
49
47
74
22
82
41
94
24
73
49
83
41
8
24
4
11
88
77
7
80
66
56
68
86
51
83
78
78
79
4
50
61
82
96
23
61
73
4
55
72
94
91
72
64
66
80
21
64
37
30
96
62
42
89
4
10
26
67
79
18
50
93
13
24
40
77
2
94
14
78
10
89
91
62
8
86
24
91
20
90
27
40
13
96
6
16
32
17
38
67
22
75
16
24
70
71
30
14
50
73
71
30
48
75
20
63
78
91
54
74
39
89
25
45
93
74
16
74
92
42
92
45
25
73
95
15
4
13
53
91
0
79
22
68
60
69
76
24
91
79
28
48
70
39
75
11
78
64
3
25
65
58
75
62
73
77
65
97
48
94
72
8
12
59
85
37
11
67
51
74
83
31
86
77
31
58
38
96
90
6
74
45
2
84
4
14
62
65
9
71
32
68
0
57
69
61
95
20
47
47
62
8
82
58
52
58
68
6
22
34
58
57
23
76
91
81
34
24
7
35
94
35
46
65
52
9
5
21
83
77
18
63
9
68
27
27
54
50
48
37
26
50
22
56
93
17
77
5
78
26
14
46
54
17
18
93
74
46
54
35
55
65
51
47
47
61
4
28
97
94
28
89
39
76
65
78
95
57
2
56
36
63
33
98
39
96
74
18
70
74
85
84
90
84
23
21
93
26
67
40
79
17
70
66
36
20
13
17
43
18
13
21
31
50
25
23
35
40
76
58
29
91
98
2
28
28
93
35
42
77
92
8
77
95
80
18
94
42
80
73
92
48
31
37
19
69
38
29
37
54
11
97
75
3
52
99
53
99
81
85
79
60
17
14
11
41
85
59
88
1
91
84
78
90
38
71
1
38
15
73
36
61
64
32
31
75
69
18
16
33
11
89
83
40
44
16
85
95
50
33
75
39
18
87
81
72
81
80
41
34
21
41
50
5
77
95
61
83
59
43
19
77
35
77
87
34
3
12
4
91
70
73
98
86
12
27
85
39
88
56
6
57
28
3
14
55
48
14
